-0.0277522	0.172897
-0.020697	0.171607
-0.0140276	0.169821
-0.00774388	0.167568
-0.00184467	0.164877
0.00367213	0.161781
0.00880949	0.158314
0.0135713	0.154508
0.0179624	0.150398
0.0219883	0.146017
0.0256555	0.141398
0.0289712	0.136575
0.0319436	0.131577
0.0345812	0.126437
0.0368937	0.121183
0.038891	0.115844
0.0405839	0.110447
0.0419838	0.105017
0.0431026	0.0995778
0.0439528	0.0941533
0.0445474	0.0887644
0.0449001	0.083431
0.0450249	0.0781718
0.0449365	0.0730035
0.0446503	0.0679419
0.0441818	0.0630008
0.0435476	0.0581928
0.0427646	0.0535289
0.0418504	0.0490185
0.0408232	0.0446694
0.039702	0.0404878
0.0385064	0.0364783
0.0372566	0.0326438
0.0359737	0.0289855
0.0346794	0.0255027
0.0333962	0.0221933
0.0321471	0.019053
0.0309559	0.016076
0.0298469	0.0132545
0.0288447	0.0105789
0.0279745	0.00803764
0.0272617	0.00561753
0.0267316	0.00330345
0.0264093	0.00107854
0.0263198	-0.00107579
0.0264871	-0.00317978
0.0269346	-0.00525521
0.0276843	-0.00732531
0.0287567	-0.00941464
0.0301703	-0.0115489
0.0319417	-0.0137546
0.0340845	-0.0160592
0.0366096	-0.0184904
0.0395246	-0.0210762
0.0428333	-0.0238442
0.0465356	-0.0268216
0.0506268	-0.0300341
0.0550976	-0.0335064
0.0599337	-0.0372607
0.0651152	-0.0413168
0.0706169	-0.0456913
0.0764077	-0.050397
0.0824507	-0.0554429
0.0887034	-0.0608332
0.0951177	-0.0665676
0.101641	-0.0726406
0.108215	-0.0790421
0.114779	-0.0857569
0.121271	-0.0927656
0.127625	-0.100045
0.133777	-0.107567
0.139663	-0.115302
0.145225	-0.123218
0.150405	-0.131281
0.155154	-0.139457
0.159427	-0.14771
0.163188	-0.156006
0.166406	-0.16431
0.169062	-0.17259
0.171141	-0.180814
0.172637	-0.188951
0.17355	-0.196974
0.173888	-0.204854
0.173665	-0.212568
0.172897	-0.22009
0.171607	-0.227401
0.169821	-0.234479
0.167568	-0.241305
0.164877	-0.247863
0.161781	-0.254137
0.158314	-0.260111
0.154508	-0.265774
0.150398	-0.271112
0.146017	-0.276114
0.141398	-0.280772
0.136575	-0.285077
0.131577	-0.28902
0.126437	-0.292597
0.121183	-0.295803
0.115844	-0.298632
0.110447	-0.301084
0.105017	-0.303157
0.0995778	-0.304852
0.0941533	-0.306169
0.0887644	-0.307112
0.083431	-0.307686
0.0781718	-0.307895
0.0730035	-0.307747
0.0679419	-0.30725
0.0630008	-0.306414
0.0581928	-0.305249
0.0535289	-0.303766
0.0490185	-0.301979
0.0446694	-0.299901
0.0404878	-0.297547
0.0364783	-0.29493
0.0326438	-0.292067
0.0289855	-0.288973
0.0255027	-0.285663
0.0221933	-0.282153
0.019053	-0.278459
0.016076	-0.274596
0.0132545	-0.270577
0.0105789	-0.266418
0.00803764	-0.262131
0.00561753	-0.257728
0.00330345	-0.25322
0.00107854	-0.248617
-0.00107579	-0.243927
-0.00317978	-0.239158
-0.00525521	-0.234314
-0.00732531	-0.229399
-0.00941464	-0.224416
-0.0115489	-0.219363
-0.0137546	-0.21424
-0.0160592	-0.209043
-0.0184904	-0.203766
-0.0210762	-0.198402
-0.0238442	-0.192942
-0.0268216	-0.187375
-0.0300341	-0.18169
-0.0335064	-0.175872
-0.0372607	-0.169908
-0.0413168	-0.163784
-0.0456913	-0.157484
-0.050397	-0.150994
-0.0554429	-0.144301
-0.0608332	-0.137393
-0.0665676	-0.130261
-0.0726406	-0.122899
-0.0790421	-0.115303
-0.0857569	-0.107475
-0.0927656	-0.0994191
-0.100045	-0.0911467
-0.107567	-0.0826726
-0.115302	-0.0740166
-0.123218	-0.065203
-0.131281	-0.05626
-0.139457	-0.047219
-0.14771	-0.0381141
-0.156006	-0.0289807
-0.16431	-0.0198552
-0.17259	-0.0107735
-0.180814	-0.00177065
-0.188951	0.00712006
-0.196974	0.0158678
-0.204854	0.0244445
-0.212568	0.0328253
-0.22009	0.040989
-0.227401	0.0489177
-0.234479	0.0565971
-0.241305	0.0640163
-0.247863	0.071168
-0.254137	0.0780476
-0.260111	0.0846537
-0.265774	0.0909876
-0.271112	0.0970528
-0.276114	0.102855
-0.280772	0.108402
-0.285077	0.113703
-0.28902	0.118769
-0.292597	0.123611
-0.295803	0.128242
-0.298632	0.132677
-0.301084	0.136928
-0.303157	0.141012
-0.304852	0.144942
-0.306169	0.148734
-0.307112	0.152402
-0.307686	0.155962
-0.307895	0.159428
-0.307747	0.162814
-0.30725	0.166133
-0.306414	0.169399
-0.305249	0.172623
-0.303766	0.175817
-0.301979	0.178992
-0.299901	0.182157
-0.297547	0.185321
-0.29493	0.188491
-0.292067	0.191674
-0.288973	0.194876
-0.285663	0.1981
-0.282153	0.201352
-0.278459	0.204632
-0.274596	0.207943
-0.270577	0.211284
-0.266418	0.214656
-0.262131	0.218056
-0.257728	0.221482
-0.25322	0.224932
-0.248617	0.228401
-0.243927	0.231885
-0.239158	0.235379
-0.234314	0.238877
-0.229399	0.242373
-0.224416	0.245859
-0.219363	0.24933
-0.21424	0.252776
-0.209043	0.256191
-0.203766	0.259565
-0.198402	0.26289
-0.192942	0.266156
-0.187375	0.269353
-0.18169	0.272469
-0.175872	0.275494
-0.169908	0.278414
-0.163784	0.281215
-0.157484	0.283883
-0.150994	0.2864
-0.144301	0.288748
-0.137393	0.290907
-0.130261	0.292854
-0.122899	0.294566
-0.115303	0.296015
-0.107475	0.297174
-0.0994191	0.298013
-0.0911467	0.298499
-0.0826726	0.298602
-0.0740166	0.298289
-0.065203	0.297527
-0.05626	0.296287
-0.047219	0.294541
-0.0381141	0.292264
-0.0289807	0.289435
-0.0198552	0.286039
-0.0107735	0.282065
-0.00177065	0.277508
0.00712006	0.27237
0.0158678	0.266658
0.0244445	0.260382
0.0328253	0.25356
0.040989	0.246214
0.0489177	0.238367
0.0565971	0.230048
0.0640163	0.221286
0.071168	0.212113
0.0780476	0.202562
0.0846537	0.192665
0.0909876	0.182454
0.0970528	0.171963
0.102855	0.161223
0.108402	0.150265
0.113703	0.139118
0.118769	0.127809
0.123611	0.116366
0.128242	0.104814
0.132677	0.0931748
0.136928	0.0814711
0.141012	0.0697225
0.144942	0.0579475
0.148734	0.0461628
0.152402	0.0343837
0.155962	0.022624
0.159428	0.0108959
0.162814	-0.000789314
0.166133	-0.012422
0.169399	-0.0239934
0.172623	-0.0354961
0.175817	-0.0469233
0.178992	-0.0582693
0.182157	-0.0695293
0.185321	-0.080699
0.188491	-0.0917747
0.191674	-0.102754
0.194876	-0.113633
0.1981	-0.12441
0.201352	-0.135084
0.204632	-0.145652
0.207943	-0.156113
0.211284	-0.166465
0.214656	-0.176708
0.218056	-0.18684
0.221482	-0.19686
0.224932	-0.206766
0.228401	-0.216558
0.231885	-0.226234
0.235379	-0.235793
0.238877	-0.245233
0.242373	-0.254554
0.245859	-0.263752
0.24933	-0.272829
0.252776	-0.28178
0.256191	-0.290607
0.259565	-0.299305
0.26289	-0.307876
0.266156	-0.316316
0.269353	-0.324624
0.272469	-0.3328
0.275494	-0.340841
0.278414	-0.348746
0.281215	-0.356515
0.283883	-0.364145
0.2864	-0.371635
0.288748	-0.378984
0.290907	-0.38619
0.292854	-0.393252
0.294566	-0.400168
0.296015	-0.406937
0.297174	-0.413556
0.298013	-0.420023
0.298499	-0.426336
0.298602	-0.432492
0.298289	-0.438488
0.297527	-0.44432
0.296287	-0.449985
0.294541	-0.455479
0.292264	-0.460796
0.289435	-0.465932
0.286039	-0.47088
0.282065	-0.475635
0.277508	-0.480189
0.27237	-0.484534
0.266658	-0.488663
0.260382	-0.492565
0.25356	-0.49623
0.246214	-0.499648
0.238367	-0.502806
0.230048	-0.505692
0.221286	-0.50829
0.212113	-0.510586
0.202562	-0.512563
0.192665	-0.514202
0.182454	-0.515486
0.171963	-0.516394
0.161223	-0.516904
0.150265	-0.516993
0.139118	-0.516639
0.127809	-0.515817
0.116366	-0.514503
0.104814	-0.512671
0.0931748	-0.510298
0.0814711	-0.507359
0.0697225	-0.503833
0.0579475	-0.499699
0.0461628	-0.494938
0.0343837	-0.489536
0.022624	-0.483482
0.0108959	-0.476769
-0.000789314	-0.469395
-0.012422	-0.461366
-0.0239934	-0.452691
-0.0354961	-0.443388
-0.0469233	-0.433478
-0.0582693	-0.422991
-0.0695293	-0.411964
-0.080699	-0.400437
-0.0917747	-0.388456
-0.102754	-0.376073
-0.113633	-0.363343
-0.12441	-0.350322
-0.135084	-0.337069
-0.145652	-0.323644
-0.156113	-0.310108
-0.166465	-0.296519
-0.176708	-0.282934
-0.18684	-0.269408
-0.19686	-0.255993
-0.206766	-0.242738
-0.216558	-0.229688
-0.226234	-0.216884
-0.235793	-0.204363
-0.245233	-0.192158
-0.254554	-0.180298
-0.263752	-0.168808
-0.272829	-0.15771
-0.28178	-0.14702
-0.290607	-0.136755
-0.299305	-0.126924
-0.307876	-0.117536
-0.316316	-0.108598
-0.324624	-0.100112
-0.3328	-0.0920794
-0.340841	-0.0845005
-0.348746	-0.0773725
-0.356515	-0.0706919
-0.364145	-0.0644536
-0.371635	-0.0586515
-0.378984	-0.0532786
-0.38619	-0.048327
-0.393252	-0.0437881
-0.400168	-0.0396527
-0.406937	-0.0359111
-0.413556	-0.0325531
-0.420023	-0.0295683
-0.426336	-0.0269458
-0.432492	-0.0246746
-0.438488	-0.0227432
-0.44432	-0.02114
-0.449985	-0.0198533
-0.455479	-0.018871
-0.460796	-0.0181808
-0.465932	-0.0177704
-0.47088	-0.017627
-0.475635	-0.0177376
-0.480189	-0.0180891
-0.484534	-0.0186678
-0.488663	-0.01946
-0.492565	-0.0204513
-0.49623	-0.0216273
-0.499648	-0.0229727
-0.502806	-0.0244721
-0.505692	-0.0261094
-0.50829	-0.027868
-0.510586	-0.0297305
-0.512563	-0.0316791
-0.514202	-0.0336952
-0.515486	-0.0357595
-0.516394	-0.0378518
-0.516904	-0.0399512
-0.516993	-0.0420359
-0.516639	-0.0440835
-0.515817	-0.0460706
-0.514503	-0.0479729
-0.512671	-0.0497656
-0.510298	-0.0514232
-0.507359	-0.0529194
-0.503833	-0.0542279
-0.499699	-0.0553217
-0.494938	-0.0561739
-0.489536	-0.0567579
-0.483482	-0.0570473
-0.476769	-0.0570164
-0.469395	-0.0566406
-0.461366	-0.0558966
-0.452691	-0.0547627
-0.443388	-0.0532194
-0.433478	-0.0512493
-0.422991	-0.0488381
-0.411964	-0.0459743
-0.400437	-0.0426501
-0.388456	-0.0388616
-0.376073	-0.034609
-0.363343	-0.0298972
-0.350322	-0.024736
-0.337069	-0.0191405
-0.323644	-0.0131314
-0.310108	-0.00673519
-0.296519	1.5648e-05
-0.282934	0.0070827
-0.269408	0.0144217
-0.255993	0.021983
-0.242738	0.0297118
-0.229688	0.0375494
-0.216884	0.0454338
-0.204363	0.0533013
-0.192158	0.0610876
-0.180298	0.0687291
-0.168808	0.0761652
-0.15771	0.0833388
-0.14702	0.090198
-0.136755	0.0966972
-0.126924	0.102798
-0.117536	0.108468
-0.108598	0.113686
-0.100112	0.118434
-0.0920794	0.122705
-0.0845005	0.126497
-0.0773725	0.129815
-0.0706919	0.132668
-0.0644536	0.135072
-0.0586515	0.137045
-0.0532786	0.138611
-0.048327	0.139793
-0.0437881	0.140618
-0.0396527	0.141114
-0.0359111	0.141311
-0.0325531	0.141237
-0.0295683	0.140922
-0.0269458	0.140396
-0.0246746	0.139687
-0.0227432	0.138823
-0.02114	0.137831
-0.0198533	0.136739
-0.018871	0.135571
-0.0181808	0.134352
-0.0177704	0.133104
-0.017627	0.13185
-0.0177376	0.130609
-0.0180891	0.129401
-0.0186678	0.128244
-0.01946	0.127154
-0.0204513	0.126145
-0.0216273	0.125231
-0.0229727	0.124425
-0.0244721	0.123735
-0.0261094	0.123172
-0.027868	0.122743
-0.0297305	0.122453
-0.0316791	0.122306
-0.0336952	0.122305
-0.0357595	0.122452
-0.0378518	0.122745
-0.0399512	0.123182
-0.0420359	0.12376
-0.0440835	0.124474
-0.0460706	0.125317
-0.0479729	0.12628
-0.0497656	0.127355
-0.0514232	0.12853
-0.0529194	0.129793
-0.0542279	0.13113
-0.0553217	0.132527
-0.0561739	0.133968
-0.0567579	0.135435
-0.0570473	0.136911
-0.0570164	0.138375
-0.0566406	0.139807
-0.0558966	0.141186
-0.0547627	0.142488
-0.0532194	0.143689
-0.0512493	0.144764
-0.0488381	0.145686
-0.0459743	0.146426
-0.0426501	0.146957
-0.0388616	0.147247
-0.034609	0.147264
-0.0298972	0.146978
-0.024736	0.146356
-0.0191405	0.145365
-0.0131314	0.143974
-0.00673519	0.142152
1.5648e-05	0.139872
0.0070827	0.137109
0.0144217	0.133842
0.021983	0.130054
0.0297118	0.125736
0.0375494	0.120883
0.0454338	0.115497
0.0533013	0.109589
0.0610876	0.103174
0.0687291	0.0962745
0.0761652	0.0889197
0.0833388	0.0811426
0.090198	0.0729809
0.0966972	0.0644751
0.102798	0.055668
0.108468	0.0466033
0.113686	0.0373249
0.118434	0.0278762
0.122705	0.0182996
0.126497	0.00863538
0.129815	-0.00107788
0.132668	-0.0108042
0.135072	-0.02051
0.137045	-0.0301645
0.138611	-0.0397394
0.139793	-0.0492094
0.140618	-0.0585516
0.141114	-0.0677456
0.141311	-0.0767739
0.141237	-0.0856208
0.140922	-0.0942735
0.140396	-0.102721
0.139687	-0.110954
0.138823	-0.118967
0.137831	-0.126753
0.136739	-0.134311
0.135571	-0.141638
0.134352	-0.148735
0.133104	-0.155602
0.13185	-0.162244
0.130609	-0.168663
0.129401	-0.174866
0.128244	-0.180859
0.127154	-0.18665
0.126145	-0.192246
0.125231	-0.197658
0.124425	-0.202894
0.123735	-0.207965
0.123172	-0.212882
0.122743	-0.217656
0.122453	-0.222299
0.122306	-0.226821
0.122305	-0.231234
0.122452	-0.23555
0.122745	-0.23978
0.123182	-0.243933
0.12376	-0.248021
0.124474	-0.252054
0.125317	-0.256039
0.12628	-0.259987
0.127355	-0.263903
0.12853	-0.267796
0.129793	-0.271671
0.13113	-0.275532
0.132527	-0.279383
0.133968	-0.283229
0.135435	-0.287069
0.136911	-0.290905
0.138375	-0.294737
0.139807	-0.298562
0.141186	-0.30238
0.142488	-0.306186
0.143689	-0.309975
0.144764	-0.313743
0.145686	-0.317482
0.146426	-0.321184
0.146957	-0.324841
0.147247	-0.328443
0.147264	-0.331978
0.146978	-0.335434
0.146356	-0.338798
0.145365	-0.342055
0.143974	-0.345188
0.142152	-0.34818
0.139872	-0.351012
0.137109	-0.353664
0.133842	-0.356112
0.130054	-0.358335
0.125736	-0.360306
0.120883	-0.362
0.115497	-0.363389
0.109589	-0.364444
0.103174	-0.365136
0.0962745	-0.365434
0.0889197	-0.365308
0.0811426	-0.364729
0.0729809	-0.363667
0.0644751	-0.362094
0.055668	-0.359984
0.0466033	-0.357315
0.0373249	-0.354067
0.0278762	-0.350223
0.0182996	-0.345774
0.00863538	-0.340713
-0.00107788	-0.33504
-0.0108042	-0.328761
-0.02051	-0.321888
-0.0301645	-0.31444
-0.0397394	-0.306439
-0.0492094	-0.297915
-0.0585516	-0.288903
-0.0677456	-0.279439
-0.0767739	-0.269567
-0.0856208	-0.259329
-0.0942735	-0.248772
-0.102721	-0.237943
-0.110954	-0.226887
-0.118967	-0.215651
-0.126753	-0.204279
-0.134311	-0.192813
-0.141638	-0.181295
-0.148735	-0.169761
-0.155602	-0.158247
-0.162244	-0.146785
-0.168663	-0.135403
-0.174866	-0.124127
-0.180859	-0.112981
-0.18665	-0.101985
-0.192246	-0.0911557
-0.197658	-0.0805093
-0.202894	-0.0700584
-0.207965	-0.059814
-0.212882	-0.0497851
-0.217656	-0.0399792
-0.222299	-0.0304022
-0.226821	-0.0210589
-0.231234	-0.0119527
-0.23555	-0.00308648
-0.23978	0.005538
-0.243933	0.0139195
-0.248021	0.0220575
-0.252054	0.0299517
-0.256039	0.0376024
-0.259987	0.04501
-0.263903	0.0521754
-0.267796	0.0590994
-0.271671	0.0657833
-0.275532	0.0722282
-0.279383	0.0784356
-0.283229	0.0844068
-0.287069	0.0901436
-0.290905	0.0956476
-0.294737	0.100921
-0.298562	0.105965
-0.30238	0.110782
-0.306186	0.115375
-0.309975	0.119746
-0.313743	0.123898
-0.317482	0.127833
-0.321184	0.131556
-0.324841	0.135071
-0.328443	0.13838
-0.331978	0.141488
-0.335434	0.144402
-0.338798	0.147125
-0.342055	0.149665
-0.345188	0.152027
-0.34818	0.154219
-0.351012	0.15625
-0.353664	0.158127
-0.356112	0.15986
-0.358335	0.16146
-0.360306	0.162938
-0.362	0.164306
-0.363389	0.165578
-0.364444	0.166766
-0.365136	0.167888
-0.365434	0.168959
-0.365308	0.169995
-0.364729	0.171016
-0.363667	0.172039
-0.362094	0.173085
-0.359984	0.174173
-0.357315	0.175325
-0.354067	0.17656
-0.350223	0.177899
-0.345774	0.179362
-0.340713	0.180968
-0.33504	0.182734
-0.328761	0.184676
-0.321888	0.186808
-0.31444	0.18914
-0.306439	0.191681
-0.297915	0.194434
-0.288903	0.1974
-0.279439	0.200573
-0.269567	0.203944
-0.259329	0.207498
-0.248772	0.211215
-0.237943	0.215069
-0.226887	0.219027
-0.215651	0.223054
-0.204279	0.227108
-0.192813	0.231141
-0.181295	0.235103
-0.169761	0.238941
-0.158247	0.2426
-0.146785	0.246023
-0.135403	0.249155
-0.124127	0.251941
-0.112981	0.25433
-0.101985	0.256274
-0.0911557	0.257731
-0.0805093	0.258661
-0.0700584	0.259035
-0.059814	0.258827
-0.0497851	0.258018
-0.0399792	0.256596
-0.0304022	0.254555
-0.0210589	0.251894
-0.0119527	0.248619
-0.00308648	0.244739
0.005538	0.240269
0.0139195	0.235225
0.0220575	0.22963
0.0299517	0.223505
0.0376024	0.216876
0.04501	0.209771
0.0521754	0.202217
0.0590994	0.194243
0.0657833	0.185879
0.0722282	0.177154
0.0784356	0.168098
0.0844068	0.15874
0.0901436	0.149109
0.0956476	0.139234
0.100921	0.129143
0.105965	0.118863
0.110782	0.108419
0.115375	0.0978378
0.119746	0.0871435
0.123898	0.0763595
0.127833	0.0655082
0.131556	0.054611
0.135071	0.0436882
0.13838	0.0327591
0.141488	0.0218417
0.144402	0.0109531
0.147125	0.000109238
0.149665	-0.010675
0.152027	-0.021386
0.154219	-0.032011
0.15625	-0.0425385
0.158127	-0.052958
0.15986	-0.0632601
0.16146	-0.0734364
0.162938	-0.0834797
0.164306	-0.0933838
0.165578	-0.103143
0.166766	-0.112755
0.167888	-0.122214
0.168959	-0.13152
0.169995	-0.140672
0.171016	-0.14967
0.172039	-0.158514
0.173085	-0.167207
0.174173	-0.175753
0.175325	-0.184154
0.17656	-0.192417
0.177899	-0.200548
0.179362	-0.208551
0.180968	-0.216436
0.182734	-0.22421
0.184676	-0.231881
0.186808	-0.239458
0.18914	-0.246949
0.191681	-0.254363
0.194434	-0.261709
0.1974	-0.268993
0.200573	-0.276224
0.203944	-0.283407
0.207498	-0.290548
0.211215	-0.297651
0.215069	-0.304718
0.219027	-0.311752
0.223054	-0.318752
0.227108	-0.325716
0.231141	-0.332642
0.235103	-0.339525
0.238941	-0.346359
0.2426	-0.353138
0.246023	-0.359854
0.249155	-0.366499
0.251941	-0.373062
0.25433	-0.379534
0.256274	-0.385905
0.257731	-0.392164
0.258661	-0.398301
0.259035	-0.404304
0.258827	-0.410163
0.258018	-0.415867
0.256596	-0.421405
0.254555	-0.426766
0.251894	-0.43194
0.248619	-0.436915
0.244739	-0.44168
0.240269	-0.446224
0.235225	-0.450535
0.22963	-0.454602
0.223505	-0.45841
0.216876	-0.461947
0.209771	-0.465199
0.202217	-0.468151
0.194243	-0.470788
0.185879	-0.473092
0.177154	-0.475047
0.168098	-0.476634
0.15874	-0.477834
0.149109	-0.478626
0.139234	-0.47899
0.129143	-0.478903
0.118863	-0.478345
0.108419	-0.477291
0.0978378	-0.475722
0.0871435	-0.473614
0.0763595	-0.470948
0.0655082	-0.467704
0.054611	-0.463865
0.0436882	-0.459416
0.0327591	-0.454347
0.0218417	-0.448649
0.0109531	-0.442319
0.000109238	-0.435358
-0.010675	-0.427773
-0.021386	-0.419576
-0.032011	-0.410784
-0.0425385	-0.40142
-0.052958	-0.391512
-0.0632601	-0.381094
-0.0734364	-0.370204
-0.0834797	-0.358884
-0.0933838	-0.347178
-0.103143	-0.335135
-0.112755	-0.322805
-0.122214	-0.310238
-0.13152	-0.297485
-0.140672	-0.284596
-0.14967	-0.271622
-0.158514	-0.258609
-0.167207	-0.245604
-0.175753	-0.232649
-0.184154	-0.219786
-0.192417	-0.207052
-0.200548	-0.194481
-0.208551	-0.182104
-0.216436	-0.169952
-0.22421	-0.158049
-0.231881	-0.146418
-0.239458	-0.135079
-0.246949	-0.12405
-0.254363	-0.113348
-0.261709	-0.102984
-0.268993	-0.0929718
-0.276224	-0.0833198
-0.283407	-0.0740364
-0.290548	-0.0651286
-0.297651	-0.0566016
-0.304718	-0.0484597
-0.311752	-0.0407059
-0.318752	-0.0333421
-0.325716	-0.0263694
-0.332642	-0.0197876
-0.339525	-0.0135958
-0.346359	-0.00779212
-0.353138	-0.00237385
-0.359854	0.00266267
-0.366499	0.00732189
-0.373062	0.0116091
-0.379534	0.0155304
-0.385905	0.0190925
-0.392164	0.0223031
-0.398301	0.0251705
-0.404304	0.0277036
-0.410163	0.029912
-0.415867	0.031806
-0.421405	0.0333963
-0.426766	0.0346944
-0.43194	0.0357122
-0.436915	0.0364621
-0.44168	0.0369572
-0.446224	0.0372109
-0.450535	0.0372372
-0.454602	0.0370507
-0.45841	0.0366665
-0.461947	0.0361001
-0.465199	0.0353677
-0.468151	0.0344863
-0.470788	0.033473
-0.473092	0.032346
-0.475047	0.0311239
-0.476634	0.0298262
-0.477834	0.028473
-0.478626	0.0270851
-0.47899	0.0256841
-0.478903	0.0242923
-0.478345	0.0229327
-0.477291	0.021629
-0.475722	0.0204055
-0.473614	0.0192869
-0.470948	0.0182987
-0.467704	0.0174662
-0.463865	0.0168153
-0.459416	0.0163715
-0.454347	0.0161603
-0.448649	0.0162063
-0.442319	0.0165336
-0.435358	0.017165
-0.427773	0.018122
-0.419576	0.0194243
-0.410784	0.0210892
-0.40142	0.0231317
-0.391512	0.025564
-0.381094	0.0283949
-0.370204	0.0316296
-0.358884	0.0352693
-0.347178	0.0393109
-0.335135	0.0437465
-0.322805	0.0485631
-0.310238	0.0537424
-0.297485	0.0592606
-0.284596	0.0650879
-0.271622	0.0711889
-0.258609	0.0775221
-0.245604	0.0840406
-0.232649	0.0906923
-0.219786	0.0974205
-0.207052	0.104165
-0.194481	0.110862
-0.182104	0.117447
-0.169952	0.123856
-0.158049	0.130024
-0.146418	0.135891
-0.135079	0.1414
-0.12405	0.146498
-0.113348	0.151142
-0.102984	0.155291
-0.0929718	0.158916
-0.0833198	0.161993
-0.0740364	0.164507
-0.0651286	0.16645
-0.0566016	0.167822
-0.0484597	0.168628
-0.0407059	0.168881
-0.0333421	0.168597
-0.0263694	0.167796
-0.0197876	0.166505
-0.0135958	0.16475
-0.00779212	0.162562
