-0.103058	0.361908
-0.0723164	0.290471
-0.0345442	0.207242
-0.0143751	0.159337
-0.00584516	0.145659
0.0242837	0.145021
0.0551485	0.144733
0.0830552	0.0844313
0.106844	0.017498
0.128236	-0.000417129
0.110963	0.0189974
0.0533548	0.0490912
-0.0493955	0.105158
-0.140778	0.170209
-0.222374	0.210708
-0.285183	0.246836
-0.339835	0.280067
-0.381556	0.296249
-0.365686	0.283487
-0.299542	0.249517
-0.22819	0.242636
-0.180166	0.263631
-0.176934	0.303985
-0.219949	0.320215
-0.265808	0.293004
-0.305186	0.256401
-0.334171	0.259127
-0.29836	0.236674
-0.218703	0.179848
-0.137693	0.143732
-0.0897234	0.157294
-0.1009	0.177704
-0.126705	0.191462
-0.134628	0.18351
-0.0978207	0.174351
-0.0609401	0.181974
-0.0122186	0.189926
-0.00479297	0.203841
0.0375981	0.18393
0.121328	0.0928849
0.155932	-0.0193258
0.123277	-0.133585
0.105267	-0.206024
0.0760157	-0.200525
-0.0154173	-0.170653
-0.11595	-0.180799
-0.159556	-0.23466
-0.182268	-0.254202
-0.266278	-0.15432
-0.343736	-0.0537766
-0.29203	-0.028348
-0.208295	-0.0316449
-0.214177	0.0254062
-0.274726	0.124533
-0.31401	0.209064
-0.287748	0.266812
-0.204247	0.291654
-0.133748	0.315737
-0.11851	0.331054
-0.128778	0.265126
-0.11046	0.17434
-0.101352	0.115138
-0.0875756	0.06514
-0.0644403	0.0097598
-0.0485637	-0.0443486
-0.0291259	-0.0786144
-0.0392678	-0.0796816
-0.0379902	-0.0834263
0.000844396	-0.0908051
0.0919368	-0.0999347
0.212009	-0.124265
0.311167	-0.117334
0.398992	-0.127864
0.397109	-0.121341
0.318124	-0.0882554
0.204124	-0.0421803
0.0703031	0.0401765
-0.0315013	0.0685711
-0.0730407	-0.00125417
-0.0978988	-0.0832841
-0.11562	-0.139457
-0.0917106	-0.165858
-0.0470224	-0.172522
0.013573	-0.196284
0.0900803	-0.266994
0.140333	-0.345509
0.167722	-0.413925
0.18388	-0.468552
0.222247	-0.520564
0.305619	-0.579995
0.379584	-0.592681
0.394944	-0.537176
0.348033	-0.436535
0.243823	-0.326467
0.132221	-0.245805
0.0817751	-0.196805
0.104428	-0.186747
0.106525	-0.177889
0.0925908	-0.126472
0.0435839	0.00810463
-0.0444554	0.214728
-0.201093	0.371068
-0.365396	0.503711
-0.433368	0.570754
-0.387042	0.506823
-0.306693	0.379796
-0.233232	0.238263
-0.203081	0.141389
-0.232597	0.138811
-0.262069	0.199558
-0.207363	0.230388
-0.162014	0.202579
-0.135497	0.147488
-0.101836	0.0993105
-0.0596051	0.0212321
0.00193156	-0.124947
0.0886767	-0.274151
0.122459	-0.393224
0.0884913	-0.412248
0.041054	-0.33618
-0.0153519	-0.214335
-0.068686	-0.0830788
-0.125448	0.0374258
-0.230479	0.125594
-0.345561	0.168533
-0.400758	0.139664
-0.381144	0.0917151
-0.317858	0.0552034
-0.244542	0.00587375
-0.198146	-0.0483418
-0.184036	-0.0848705
-0.188721	-0.102497
-0.175931	-0.0959057
-0.155751	-0.0918167
-0.171994	-0.0615832
-0.17873	0.0033764
-0.156088	0.0679906
-0.130166	0.0789431
-0.0569135	0.0387906
0.0377208	-0.0131159
0.0978504	-0.047785
0.114512	-0.0714784
0.131241	-0.0740579
0.0981252	-0.038611
0.00637298	0.0321296
-0.133333	0.0898664
-0.249194	0.101014
-0.325343	0.102941
-0.321031	0.101813
-0.294095	0.113485
-0.24747	0.133466
-0.199146	0.100223
-0.20318	0.0938796
-0.220727	0.153884
-0.240904	0.238591
-0.209304	0.256765
-0.143481	0.208179
-0.1208	0.125621
-0.0805554	0.0159568
-0.0914678	-0.0380396
-0.0834338	-0.0820249
0.0151572	-0.147744
0.116552	-0.218849
0.101308	-0.272895
0.0496672	-0.290401
0.0310281	-0.32718
-0.00608581	-0.374794
-0.0617452	-0.397699
-0.0511994	-0.409138
0.0225365	-0.418985
0.117445	-0.466505
0.157019	-0.537838
0.191042	-0.596223
0.22388	-0.648092
0.248336	-0.720395
0.237003	-0.776277
0.219051	-0.814229
0.211587	-0.81863
0.215931	-0.788682
0.2294	-0.733976
0.254132	-0.682803
0.274565	-0.641249
0.285366	-0.608971
0.296076	-0.567628
0.264583	-0.480487
0.226387	-0.417734
0.210149	-0.396274
0.190793	-0.385089
0.111976	-0.363434
0.0541807	-0.36063
0.0521636	-0.418214
0.0236798	-0.490686
-0.0378321	-0.533238
-0.103321	-0.517501
-0.000375901	-0.444075
0.166417	-0.393086
0.270771	-0.343561
0.280424	-0.246549
0.193613	-0.10781
0.115214	0.0327901
0.00499886	0.165247
-0.0681882	0.240975
-0.0903507	0.248775
-0.0636387	0.207502
-0.00551331	0.126775
0.0353455	0.0384241
0.072634	-0.0367995
0.0692486	-0.0336812
0.00799161	-0.00926658
-0.0921634	0.00918444
-0.213948	0.0582696
-0.35908	0.170581
-0.436227	0.285649
-0.393951	0.299014
-0.373635	0.25763
-0.335794	0.266038
-0.314832	0.29455
-0.292618	0.296801
-0.263768	0.270759
-0.248491	0.213461
-0.247227	0.159021
-0.256882	0.123944
-0.263314	0.128873
-0.289204	0.159777
-0.29933	0.179576
-0.290922	0.186141
-0.274713	0.153908
-0.248377	0.0830096
-0.209225	0.0303308
-0.159624	0.0043508
-0.102428	0.0131464
-0.0997681	0.0474479
-0.170049	0.10285
-0.260577	0.129903
-0.324378	0.144396
-0.359161	0.129816
-0.358548	0.10248
-0.354574	0.0958025
-0.362375	0.102119
-0.376125	0.140942
-0.372117	0.19577
-0.343919	0.249248
-0.312	0.299694
-0.286424	0.339671
-0.278202	0.382995
-0.291151	0.424431
-0.292181	0.453218
-0.259116	0.460741
-0.200286	0.444882
-0.125273	0.400357
-0.0517197	0.330841
-0.0118655	0.247059
-0.00188602	0.161551
-0.00857162	0.0719076
-0.022466	-0.0218872
-0.056126	-0.100399
-0.126791	-0.14892
-0.221921	-0.177166
-0.302147	-0.229211
-0.323668	-0.309937
-0.316219	-0.360728
-0.295454	-0.377307
-0.222347	-0.415789
-0.101568	-0.468994
-0.00379692	-0.460446
0.04032	-0.385514
0.00287044	-0.251968
-0.0356879	-0.157874
-0.0375282	-0.104633
-0.0304706	-0.12727
0.0453599	-0.245295
0.133114	-0.375067
0.194182	-0.476447
0.156845	-0.516453
0.0330773	-0.518189
-0.134679	-0.495687
-0.201956	-0.469633
-0.15403	-0.46049
-0.0580431	-0.499364
0.0475787	-0.554238
0.131144	-0.56258
0.218925	-0.584457
0.216617	-0.553944
0.113032	-0.492097
0.0374636	-0.42974
0.044898	-0.498447
0.166072	-0.59703
0.409798	-0.664513
0.840949	-0.911521
1.19397	-1.11623
1.45007	-1.22263
1.51567	-1.22437
1.37191	-1.07598
1.18791	-0.87051
1.01072	-0.644473
0.792923	-0.435938
0.618316	-0.368921
0.581137	-0.401376
0.615937	-0.459716
0.655208	-0.504917
0.66252	-0.552345
0.62553	-0.596999
0.5753	-0.621469
0.484707	-0.592173
0.372887	-0.531225
0.243362	-0.471964
0.181898	-0.455411
0.160316	-0.440343
0.137895	-0.417498
0.127378	-0.420249
0.0974201	-0.369773
0.0354291	-0.280921
0.00579231	-0.204863
0.00729045	-0.141942
0.00732873	-0.0844017
-0.00256662	0.0230836
-0.0296287	0.136324
-0.0996532	0.187999
-0.188621	0.186853
-0.236551	0.151782
-0.213754	0.0686504
-0.181002	-0.0178132
-0.16524	-0.0784125
-0.141047	-0.111331
-0.107542	-0.153198
-0.0525198	-0.19334
-0.0101108	-0.224843
-0.00648739	-0.225092
-0.0159594	-0.209037
0.00968219	-0.183706
0.0868425	-0.167171
0.0977716	-0.143054
0.0532714	-0.0891434
0.0330663	-0.00664066
-0.0396335	0.0910615
-0.123896	0.132001
-0.154943	0.14231
-0.119417	0.144875
-0.0406098	0.129434
0.0489398	0.0897052
0.112614	0.0508779
0.126387	0.0637602
0.120849	0.0885453
0.0967297	0.0959481
0.0445875	0.0800762
0.0397498	0.058277
0.0921429	0.043014
0.138733	0.0295944
0.157524	0.00659654
0.144476	-0.0376494
0.0878419	-0.0764391
0.0118071	-0.0680526
-0.0032645	-0.0636699
0.0525015	-0.134265
0.0783069	-0.22959
0.0684995	-0.280966
0.0561702	-0.303128
0.0085076	-0.315556
-0.0474526	-0.297299
-0.0300861	-0.310998
-0.0416284	-0.309437
-0.0979589	-0.286555
-0.178023	-0.267334
-0.278256	-0.21029
-0.335859	-0.0985415
-0.335146	0.00429218
-0.340354	0.117191
-0.358179	0.255648
-0.366707	0.304856
-0.354815	0.29054
-0.284711	0.197874
-0.155977	0.121621
-0.0468149	0.0900923
0.0574996	-0.0134369
0.139973	-0.133021
0.212248	-0.228424
0.217561	-0.272758
0.184211	-0.280334
0.156464	-0.298569
0.0862325	-0.285068
-0.00967291	-0.231979
-0.0946542	-0.154225
-0.132985	-0.0784702
-0.165592	0.00744209
-0.203744	0.0929428
-0.262973	0.17195
-0.271123	0.20877
-0.268093	0.226205
-0.269564	0.205362
-0.266816	0.139945
-0.238671	0.0574698
-0.179244	-0.00767579
-0.132679	-0.0648745
-0.186424	-0.0982635
-0.300157	-0.0786341
-0.421498	-0.00409306
-0.466666	0.0760266
-0.483846	0.155854
-0.492897	0.221259
-0.483344	0.237647
-0.414641	0.167476
-0.322582	0.0512963
-0.261623	0.00725862
-0.24385	0.022162
-0.255024	0.0325204
-0.276304	0.0179678
-0.270796	0.0152113
-0.231343	0.0535373
-0.241267	0.131837
-0.260701	0.159119
-0.217768	0.106377
-0.15399	0.0497463
-0.109695	-0.00686478
-0.139287	-0.0284571
-0.180019	-0.0159186
-0.249678	0.0456555
-0.324954	0.105138
-0.393156	0.109978
-0.403838	0.0650543
-0.373058	0.0140979
-0.363881	0.00904535
-0.351812	0.028428
-0.319005	0.018961
-0.282968	-0.00969498
-0.223252	-0.02535
-0.155137	0.0051998
-0.0932247	0.0517444
-0.0637009	0.0882274
-0.0822802	0.107671
-0.147829	0.153757
-0.294974	0.217404
-0.478579	0.221753
-0.606607	0.193512
-0.716058	0.207745
-0.737261	0.255977
-0.711992	0.372012
-0.719512	0.416324
-0.728736	0.356354
-0.678102	0.271377
-0.584724	0.178822
-0.474996	0.073027
-0.37708	0.00380876
-0.32319	-0.0323604
-0.335118	-0.0360655
-0.383344	-0.0903962
-0.420809	-0.0782204
-0.410344	-0.0522441
-0.374504	-0.0524451
-0.297312	-0.0812573
-0.177069	-0.121412
-0.0691543	-0.14443
-0.00410038	-0.18737
0.0114598	-0.236592
-0.00416329	-0.265872
-0.0410375	-0.252207
-0.0990565	-0.195735
-0.140911	-0.107618
-0.162096	-0.0317443
-0.128861	0.00291979
-0.0533529	-0.018925
-0.0134859	-0.0329929
-0.047627	-0.0429228
-0.090566	-0.0316329
-0.121367	-0.00231055
-0.126755	-0.0177321
-0.0819773	-0.0647497
-0.0166534	-0.110632
0.0294629	-0.14215
0.0536081	-0.138535
0.0709885	-0.10561
0.118645	-0.0908812
0.202669	-0.0739433
0.265113	-0.0740032
0.320565	-0.134399
0.315463	-0.204605
0.240738	-0.218074
0.155647	-0.166528
0.0722872	-0.100342
0.0283799	-0.0401046
-0.00912828	-0.0171015
-0.026103	-0.0357466
-0.0491242	-0.062999
-0.0635638	-0.0725228
-0.0526648	-0.0500404
-0.0460753	-0.00969172
-0.0620714	0.00169085
-0.0526876	-0.0119751
0.0088017	-0.0306811
0.0937595	-0.0649151
0.12909	-0.0693472
0.105323	-0.0717457
0.0509275	-0.111162
-0.0325529	-0.166184
-0.0734586	-0.223947
-0.0487722	-0.247745
-0.0434459	-0.245135
-0.0086009	-0.234043
0.00668989	-0.214295
0.0421254	-0.210451
0.0810828	-0.249116
0.1368	-0.300553
0.180821	-0.315634
0.170245	-0.271092
0.13549	-0.189626
0.0892323	-0.0894588
0.0280937	-0.0122214
-0.0356997	-0.00309715
-0.0802722	-0.0230425
-0.133972	-0.0168024
-0.231009	0.060933
-0.324018	0.135116
-0.368077	0.185558
-0.375686	0.20194
-0.365215	0.181952
-0.363411	0.113642
-0.327489	0.0344963
-0.27859	-0.0676888
-0.226531	-0.180195
-0.164641	-0.244187
-0.106297	-0.273553
-0.0127722	-0.308682
0.0665506	-0.349694
0.0120133	-0.333573
-0.0903239	-0.30365
-0.104635	-0.313901
-0.0578344	-0.324435
-0.091718	-0.251276
-0.215426	-0.121304
-0.323933	-0.0131959
-0.387146	0.0460186
-0.410461	0.075367
-0.415386	0.0648194
-0.378275	0.033445
-0.276778	-0.0237453
-0.145753	-0.11231
-0.0342245	-0.190817
0.0846944	-0.258683
0.208294	-0.380623
0.256383	-0.440394
0.230905	-0.42649
0.207418	-0.41622
0.201523	-0.433401
0.223629	-0.450371
0.208235	-0.440754
0.132041	-0.384272
0.0212154	-0.246601
-0.100023	-0.0616484
-0.200359	0.0968181
-0.292423	0.201547
-0.339303	0.247749
-0.338674	0.314933
-0.259614	0.363479
-0.203297	0.377476
-0.160604	0.307916
-0.112603	0.231997
-0.0709459	0.185311
-0.0464214	0.160068
-0.0619189	0.142043
-0.0945456	0.134314
-0.121122	0.123918
-0.145478	0.110963
-0.17272	0.10414
-0.171411	0.105166
-0.127438	0.0954459
-0.0854116	0.0920046
-0.0781268	0.107011
-0.0936763	0.101146
-0.141912	0.0683783
-0.248242	0.0610378
-0.345207	0.0538974
-0.399563	0.0382104
-0.438714	0.0436777
-0.471276	0.0648428
-0.525489	0.118775
-0.537762	0.199081
-0.491335	0.259331
-0.440027	0.314394
-0.404928	0.33388
-0.382329	0.288129
-0.3976	0.222153
-0.41087	0.153522
-0.422933	0.122017
-0.39857	0.0931903
-0.341762	0.107568
-0.306227	0.151626
-0.320829	0.201762
-0.367902	0.25227
-0.418831	0.304813
-0.435587	0.296208
-0.415615	0.228556
-0.428189	0.162918
-0.423831	0.134511
-0.389538	0.140286
-0.256614	0.0922752
-0.0740565	-0.0107615
0.10743	-0.131752
0.201108	-0.196618
0.213377	-0.269973
0.225537	-0.382816
0.242268	-0.521524
0.220785	-0.581342
0.166462	-0.552422
0.0972714	-0.489231
0.0493321	-0.415967
-0.0351375	-0.311011
-0.126071	-0.195031
-0.156423	-0.125605
-0.142602	-0.086785
-0.112548	-0.0321287
-0.132035	-0.0106915
-0.169087	-0.0421088
-0.240177	-0.0227101
-0.259238	0.028191
-0.263606	0.073256
-0.263557	0.0750433
-0.238271	-0.0154021
-0.218275	-0.11531
-0.19575	-0.153058
-0.182427	-0.192735
-0.186923	-0.193088
-0.210215	-0.144291
-0.177279	-0.121133
-0.192891	-0.0606376
-0.209507	0.0146818
-0.234644	0.0696504
-0.259723	0.0841175
-0.262056	0.0803768
-0.207779	0.0228232
-0.0856887	-0.0334732
0.0596442	-0.0684414
0.198353	-0.110557
0.231039	-0.119003
0.156166	-0.0844265
0.0618017	-0.0431839
-0.0149748	-0.0132663
-0.0427366	0.0252042
-0.044064	0.053895
-0.046254	0.068017
-0.0597878	0.0962734
-0.11657	0.160871
-0.212409	0.263162
-0.267981	0.342801
-0.284072	0.381767
-0.262147	0.402926
-0.232934	0.378851
-0.197961	0.312731
-0.127738	0.228008
-0.0721268	0.143373
-0.0702316	0.0618884
-0.130653	0.00909609
-0.218561	0.0103829
-0.276374	0.0368568
-0.24038	0.0275022
-0.148327	0.00827185
-0.134025	0.030312
-0.196316	0.123104
-0.270682	0.218538
-0.323621	0.275597
-0.378003	0.361739
-0.402262	0.394704
-0.358444	0.355713
-0.325813	0.333442
-0.313623	0.343014
-0.262453	0.349404
-0.205387	0.312455
-0.160122	0.251482
-0.131742	0.193927
-0.117038	0.150535
-0.10035	0.184589
-0.0601948	0.267887
-0.0535424	0.327876
-0.0572631	0.320212
-0.0567979	0.265094
-0.0733203	0.196038
-0.128902	0.187002
-0.225558	0.197636
-0.277405	0.153738
-0.304227	0.0850282
-0.305557	0.0204305
-0.303667	-0.0099422
-0.369831	0.0420531
-0.418478	0.134064
-0.426186	0.249859
-0.403	0.343176
-0.368031	0.389547
-0.33327	0.382873
-0.284327	0.304856
-0.164031	0.241033
-0.109665	0.196907
-0.11513	0.118716
-0.138251	0.0542236
-0.189007	0.0445297
-0.230125	0.0427577
-0.18159	0.0659307
-0.151065	0.0988255
-0.1898	0.130525
-0.238398	0.139884
-0.27491	0.170713
-0.318582	0.214806
-0.383798	0.218581
-0.412216	0.150628
-0.43108	0.0777046
-0.446964	0.00920232
-0.451871	-0.0260882
-0.429341	-0.0318322
-0.337165	-0.0590827
-0.253796	-0.0861425
-0.219648	-0.0795661
-0.241108	-0.0439548
-0.278562	-0.0275565
-0.257095	-0.0633909
-0.234771	-0.0883994
-0.23713	-0.0835741
-0.228479	-0.0702387
-0.248623	-0.0371082
-0.229907	-0.0335606
-0.171147	-0.0244017
-0.0786016	-0.0173618
0.0129534	-0.052599
0.0426717	-0.0875926
0.0238368	-0.105417
0.0180046	-0.122219
0.0274162	-0.154788
0.034997	-0.230968
0.041023	-0.285569
0.0299398	-0.299129
0.0142674	-0.303939
-0.00669157	-0.311014
-0.0339558	-0.320512
-0.0609561	-0.30529
-0.0886691	-0.255648
-0.100493	-0.186123
-0.0476737	-0.115197
0.0429505	-0.073445
0.14597	-0.06476
0.260515	-0.112417
0.364339	-0.208926
0.45054	-0.310265
0.526534	-0.367245
0.615042	-0.396352
0.647159	-0.371669
0.56903	-0.29538
0.494278	-0.207217
0.471041	-0.188036
0.450126	-0.207586
0.420907	-0.264007
0.35152	-0.276439
0.247315	-0.244102
0.181105	-0.176587
0.115263	-0.079469
0.00671158	0.00212613
-0.121989	0.0888093
-0.22321	0.15546
-0.241897	0.176652
-0.17	0.181927
-0.124623	0.178331
-0.083029	0.134649
-0.115783	0.0892029
-0.103363	0.0310755
-0.0923091	7.33992e-05
-0.109224	-0.0169135
-0.134362	-0.0189247
-0.133198	0.0236203
-0.101716	0.0217462
-0.0788295	-0.00590535
-0.0190195	-0.0248463
0.0598069	-0.0351587
0.117769	-0.0584129
0.187797	-0.114045
0.284646	-0.128968
0.374195	-0.047988
0.414738	0.0270659
0.414749	0.0984607
0.34746	0.113601
0.229353	0.127151
0.0848316	0.154863
-0.0211181	0.182564
-0.0880071	0.193296
-0.108527	0.188112
-0.0867295	0.121379
-0.0132089	0.0111612
0.0315915	-0.0593551
-0.0250227	-0.0441701
-0.136853	-0.0116559
-0.258508	-0.000217664
-0.335972	0.00359292
-0.40576	0.0563356
-0.443449	0.135268
-0.408413	0.208094
-0.339369	0.304233
-0.257942	0.390144
-0.195884	0.432839
-0.174635	0.404469
-0.106504	0.244471
-0.0473444	0.0434664
-0.0137117	-0.131951
0.0317389	-0.237488
0.0460612	-0.311326
0.0569072	-0.390216
0.0914981	-0.457126
0.118493	-0.502878
0.0992245	-0.501137
0.0386876	-0.461888
-0.0355672	-0.342283
-0.135015	-0.158425
-0.239577	0.0378172
-0.321229	0.155932
-0.318619	0.233551
-0.301343	0.244212
-0.234125	0.192384
-0.131635	0.103197
-0.0198973	-0.0125448
0.0510207	-0.122691
0.101733	-0.212166
0.135758	-0.292486
0.0997372	-0.342615
0.0668217	-0.361561
0.070436	-0.407665
0.091601	-0.468675
0.110812	-0.510323
0.10149	-0.520149
0.0849735	-0.510075
0.137649	-0.534673
0.245266	-0.609695
0.291496	-0.647602
0.29901	-0.632915
0.280016	-0.608431
0.26723	-0.584164
0.255165	-0.55167
0.292724	-0.547853
0.415357	-0.577672
0.570298	-0.63297
0.690526	-0.683955
0.753444	-0.730244
0.769401	-0.722102
0.791009	-0.720546
0.755882	-0.717701
0.6788	-0.687817
0.635156	-0.675191
0.569052	-0.643084
0.437079	-0.624237
0.270223	-0.613907
0.122265	-0.598461
0.0160702	-0.562473
-0.0598137	-0.469974
-0.0834797	-0.330324
0.016712	-0.24334
0.158714	-0.207846
0.214894	-0.184613
0.18104	-0.154439
0.0573167	-0.129784
-0.0495811	-0.106121
-0.0837699	-0.122369
-0.100876	-0.191863
-0.180573	-0.27049
-0.269026	-0.40461
-0.26437	-0.550539
-0.180253	-0.635676
-0.0655473	-0.65746
0.0352981	-0.586254
0.127104	-0.476118
0.214371	-0.372531
0.356772	-0.327954
0.402342	-0.287427
0.331859	-0.281417
0.25165	-0.404536
0.191098	-0.553527
0.159749	-0.607117
0.140568	-0.56997
0.156851	-0.533844
0.197636	-0.495779
0.224199	-0.440506
0.205074	-0.383608
0.184316	-0.328473
0.123976	-0.282982
-2.28873e-05	-0.23113
-0.128525	-0.202692
-0.202335	-0.234155
-0.259164	-0.278377
-0.268294	-0.263793
-0.195482	-0.229813
-0.148661	-0.177885
-0.189149	-0.127302
-0.208975	-0.132777
-0.26042	-0.101085
-0.29842	-0.0671594
-0.314105	-0.0407563
-0.372206	0.0159303
-0.42959	0.0260142
-0.450926	-0.0266259
-0.454927	-0.119857
-0.494952	-0.193784
-0.563553	-0.192824
-0.619357	-0.147471
-0.611296	-0.122212
-0.558107	-0.0941553
-0.490169	-0.0485952
-0.439944	-0.034755
-0.420176	-0.0334297
-0.363191	-0.019392
-0.292021	0.0292491
-0.237392	0.0860007
-0.215097	0.128239
-0.240762	0.152735
-0.269815	0.142906
-0.267281	0.110082
-0.265739	0.11302
-0.282413	0.126832
-0.257159	0.110026
-0.18218	0.0929771
-0.108415	0.0808728
-0.110362	0.0888232
-0.0790277	0.101573
-0.0043768	0.0431933
0.0589018	0.0199823
0.0824191	0.0318862
0.0782732	0.0563549
0.0254731	0.0879311
-0.080217	0.0663477
-0.215233	0.0177026
-0.331365	-0.0398767
-0.371292	-0.127003
-0.346044	-0.193644
-0.276089	-0.235897
-0.207421	-0.194478
-0.128472	-0.125655
-0.0567737	-0.0775718
-0.0035832	-0.0625579
0.0375484	-0.0591566
0.143762	-0.120536
0.205927	-0.157878
0.203568	-0.160922
0.16818	-0.120316
0.128413	-0.0489545
0.110423	0.00996348
0.0928766	0.0371061
0.103385	0.0219833
0.127605	-0.00545674
0.11463	-0.0707237
0.121105	-0.120552
0.193294	-0.200268
0.299617	-0.279474
0.364648	-0.297177
0.363018	-0.230473
0.361313	-0.145859
0.362776	-0.1273
0.36138	-0.14049
0.342054	-0.118616
0.313696	-0.0871439
0.306091	-0.0590131
0.310339	-0.0653373
0.274369	-0.0967096
0.258802	-0.159249
0.258026	-0.22704
0.214812	-0.265834
0.142178	-0.293057
0.130897	-0.311472
0.112133	-0.240903
0.0897438	-0.166787
0.0803205	-0.0841387
0.107846	-0.0243194
0.0858799	0.0372023
0.0308506	0.131862
0.00867015	0.207849
-0.000537161	0.245497
0.0238858	0.207163
0.0764508	0.100809
0.125041	-0.00560982
0.165864	-0.0675115
0.156548	-0.0831306
0.0745626	-0.0763539
0.00059105	-0.0889313
-0.0312727	-0.0942354
-0.0422248	-0.070385
-0.126438	0.00314227
-0.245888	0.0724317
-0.347396	0.0944327
-0.414383	0.0731067
-0.44224	0.0539629
-0.397441	0.0147698
-0.27283	-0.0848953
-0.172743	-0.176326
-0.133964	-0.237228
-0.170711	-0.238279
-0.180137	-0.203887
-0.152569	-0.174784
-0.114981	-0.169056
-0.081676	-0.208468
-0.0349084	-0.262869
-0.00785371	-0.31466
0.00865464	-0.351608
0.0480788	-0.362979
0.115667	-0.336372
0.185807	-0.323641
0.241001	-0.311151
0.282536	-0.311144
0.302712	-0.303984
0.215851	-0.250988
0.0820827	-0.217063
0.000956815	-0.225542
